8

Emerald
0.0215 0.1745 0.0215 1.0
0.0756 0.6142 0.0756 1.0
0.6330 0.7278 0.6330 1.0
0.6

Ruby
0.1745 0.0117 0.0117 1.0
0.6142 0.0413 0.0413 1.0
0.7278 0.6269 0.6269 1.0
0.6

Obsidian
0.0537 0.0500 0.0662 1.0
0.1827 0.1700 0.2252 1.0
0.3327 0.3286 0.3464 1.0
0.3

Pearl
0.2500 0.2072 0.2072 1.0
1.0000 0.8290 0.8290 1.0
0.2966 0.2966 0.2966 1.0
0.088

Copper
0.1912 0.0735 0.0225 1.0
0.7038 0.2704 0.0828 1.0
0.2567 0.1376 0.0860 1.0
0.1

Gold
0.2472 0.1995 0.0745 1.0
0.7516 0.6064 0.2264 1.0
0.6282 0.5558 0.3660 1.0
0.4

Silver
0.1922 0.1922 0.1922 1.0
0.5075 0.5075 0.5075 1.0
0.5082 0.5082 0.5082 1.0
0.4

Bronze
0.2125 0.1275 0.0540 1.0
0.7140 0.4284 0.1814 1.0
0.3935 0.2719 0.1667 1.0
0.2